Single Frame only for testing

cls: tensor([0., 0., 0., 0., 0., 0., 0., 0., 0., 0., 0., 0., 0., 0., 0., 0., 0., 0.])
conf: tensor([0.8988, 0.8978, 0.8967, 0.8864, 0.8855, 0.8744, 0.8658, 0.8462, 0.8402, 0.8302, 0.8274, 0.6269, 0.6097, 0.5947, 0.4250, 0.3660, 0.3019, 0.2917])
data: tensor([[4.1864e+02, 3.1233e+02, 4.4143e+02, 3.5691e+02, 1.0000e+00, 8.9880e-01, 0.0000e+00],
        [5.3921e+02, 2.9445e+02, 5.6073e+02, 3.4025e+02, 2.0000e+00, 8.9784e-01, 0.0000e+00],
        [3.6285e+02, 3.1477e+02, 3.8289e+02, 3.5499e+02, 3.0000e+00, 8.9669e-01, 0.0000e+00],
        [5.7630e+02, 3.1936e+02, 5.9078e+02, 3.7030e+02, 4.0000e+00, 8.8645e-01, 0.0000e+00],
        [4.7647e+02, 2.9332e+02, 4.9576e+02, 3.3343e+02, 5.0000e+00, 8.8549e-01, 0.0000e+00],
        [6.2074e+02, 3.2074e+02, 6.3437e+02, 3.6937e+02, 6.0000e+00, 8.7442e-01, 0.0000e+00],
        [5.2270e+02, 2.9460e+02, 5.3711e+02, 3.3423e+02, 7.0000e+00, 8.6578e-01, 0.0000e+00],
        [6.7592e+02, 3.4283e+02, 7.0278e+02, 4.0948e+02, 8.0000e+00, 8.4624e-01, 0.0000e+00],
        [4.5529e+02, 2.9683e+02, 4.7399e+02, 3.3237e+02, 9.0000e+00, 8.4017e-01, 0.0000e+00],
        [2.3809e+02, 3.1331e+02, 2.5199e+02, 3.6480e+02, 1.0000e+01, 8.3023e-01, 0.0000e+00],
        [6.7364e+02, 3.3345e+02, 6.8873e+02, 3.9489e+02, 1.1000e+01, 8.2740e-01, 0.0000e+00],
        [1.7009e+02, 3.2134e+02, 2.0350e+02, 3.8330e+02, 1.2000e+01, 6.2686e-01, 0.0000e+00],
        [1.4859e+02, 3.4172e+02, 1.7362e+02, 3.6666e+02, 1.3000e+01, 6.0970e-01, 0.0000e+00],
        [1.6957e+02, 3.2150e+02, 2.0357e+02, 3.4763e+02, 1.4000e+01, 5.9470e-01, 0.0000e+00],
        [2.4373e+02, 3.5239e+02, 2.7530e+02, 3.8550e+02, 1.5000e+01, 4.2495e-01, 0.0000e+00],
        [8.6052e+01, 3.3210e+02, 1.1548e+02, 3.5668e+02, 1.6000e+01, 3.6604e-01, 0.0000e+00],
        [7.0357e+02, 5.0179e+02, 8.4670e+02, 5.5635e+02, 1.7000e+01, 3.0190e-01, 0.0000e+00],
        [7.0805e+02, 4.9205e+02, 8.6990e+02, 5.5306e+02, 1.8000e+01, 2.9169e-01, 0.0000e+00]])
id: tensor([ 1.,  2.,  3.,  4.,  5.,  6.,  7.,  8.,  9., 10., 11., 12., 13., 14., 15., 16., 17., 18.])
is_track: True
orig_shape: (720, 1280)
shape: torch.Size([18, 7])
xywh: tensor([[430.0393, 334.6212,  22.7910,  44.5731],
        [549.9673, 317.3490,  21.5156,  45.7985],
        [372.8716, 334.8820,  20.0389,  40.2175],
        [583.5394, 344.8279,  14.4832,  50.9387],
        [486.1126, 313.3762,  19.2893,  40.1073],
        [627.5591, 345.0549,  13.6285,  48.6295],
        [529.9021, 314.4103,  14.4100,  39.6295],
        [689.3512, 376.1525,  26.8586,  66.6472],
        [464.6388, 314.5992,  18.6927,  35.5453],
        [245.0366, 339.0536,  13.8983,  51.4874],
        [681.1849, 364.1708,  15.0957,  61.4401],
        [186.7928, 352.3210,  33.4142,  61.9662],
        [161.1039, 354.1887,  25.0230,  24.9398],
        [186.5731, 334.5648,  33.9980,  26.1290],
        [259.5126, 368.9429,  31.5706,  33.1082],
        [100.7683, 344.3900,  29.4317,  24.5789],
        [775.1364, 529.0701, 143.1372,  54.5696],
        [788.9760, 522.5562, 161.8479,  61.0046]])
xywhn: tensor([[0.3360, 0.4648, 0.0178, 0.0619],
        [0.4297, 0.4408, 0.0168, 0.0636],
        [0.2913, 0.4651, 0.0157, 0.0559],
        [0.4559, 0.4789, 0.0113, 0.0707],
        [0.3798, 0.4352, 0.0151, 0.0557],
        [0.4903, 0.4792, 0.0106, 0.0675],
        [0.4140, 0.4367, 0.0113, 0.0550],
        [0.5386, 0.5224, 0.0210, 0.0926],
        [0.3630, 0.4369, 0.0146, 0.0494],
        [0.1914, 0.4709, 0.0109, 0.0715],
        [0.5322, 0.5058, 0.0118, 0.0853],
        [0.1459, 0.4893, 0.0261, 0.0861],
        [0.1259, 0.4919, 0.0195, 0.0346],
        [0.1458, 0.4647, 0.0266, 0.0363],
        [0.2027, 0.5124, 0.0247, 0.0460],
        [0.0787, 0.4783, 0.0230, 0.0341],
        [0.6056, 0.7348, 0.1118, 0.0758],
        [0.6164, 0.7258, 0.1264, 0.0847]])
xyxy: tensor([[418.6438, 312.3346, 441.4348, 356.9077],
        [539.2095, 294.4498, 560.7251, 340.2483],
        [362.8522, 314.7732, 382.8911, 354.9907],
        [576.2979, 319.3586, 590.7810, 370.2973],
        [476.4680, 293.3226, 495.7573, 333.4299],
        [620.7449, 320.7402, 634.3734, 369.3696],
        [522.6971, 294.5956, 537.1071, 334.2250],
        [675.9219, 342.8289, 702.7805, 409.4761],
        [455.2924, 296.8266, 473.9852, 332.3719],
        [238.0875, 313.3099, 251.9857, 364.7973],
        [673.6370, 333.4507, 688.7327, 394.8908],
        [170.0857, 321.3379, 203.4999, 383.3041],
        [148.5924, 341.7188, 173.6154, 366.6586],
        [169.5741, 321.5002, 203.5721, 347.6293],
        [243.7273, 352.3888, 275.2979, 385.4970],
        [ 86.0525, 332.1005, 115.4842, 356.6794],
        [703.5677, 501.7853, 846.7050, 556.3549],
        [708.0520, 492.0538, 869.8999, 553.0585]])
xyxyn: tensor([[0.3271, 0.4338, 0.3449, 0.4957],
        [0.4213, 0.4090, 0.4381, 0.4726],
        [0.2835, 0.4372, 0.2991, 0.4930],
        [0.4502, 0.4436, 0.4615, 0.5143],
        [0.3722, 0.4074, 0.3873, 0.4631],
        [0.4850, 0.4455, 0.4956, 0.5130],
        [0.4084, 0.4092, 0.4196, 0.4642],
        [0.5281, 0.4762, 0.5490, 0.5687],
        [0.3557, 0.4123, 0.3703, 0.4616],
        [0.1860, 0.4352, 0.1969, 0.5067],
        [0.5263, 0.4631, 0.5381, 0.5485],
        [0.1329, 0.4463, 0.1590, 0.5324],
        [0.1161, 0.4746, 0.1356, 0.5092],
        [0.1325, 0.4465, 0.1590, 0.4828],
        [0.1904, 0.4894, 0.2151, 0.5354],
        [0.0672, 0.4613, 0.0902, 0.4954],
        [0.5497, 0.6969, 0.6615, 0.7727],
        [0.5532, 0.6834, 0.6796, 0.7681]])