0 0.516856 0.499972 0.0360531 0.159062 0.940788
0 0.451726 0.407596 0.0166994 0.0873917 0.932993
0 0.632164 0.404914 0.014253 0.0764595 0.895538
0 0.512551 0.382457 0.0115754 0.0701758 0.860373
0 0.461872 0.346652 0.00829595 0.0445497 0.859388
0 0.549836 0.394782 0.0153469 0.0749702 0.795436
0 0.706465 0.375635 0.00855688 0.0427308 0.783727
0 0.666425 0.390744 0.0131479 0.0509795 0.73256
0 0.426085 0.344484 0.00835749 0.0471684 0.697978
0 0.599826 0.382244 0.0109873 0.0740022 0.685648
0 0.475835 0.349646 0.00877908 0.0429482 0.592758
0 0.701387 0.429312 0.018116 0.085182 0.508755
0 0.581215 0.384264 0.0107119 0.0624873 0.443919
