0 0.512341 0.485877 0.0212942 0.118969 0.921021
0 0.351528 0.446385 0.0267108 0.110533 0.92021
0 0.332451 0.428477 0.0263041 0.112575 0.904994
0 0.556708 0.381103 0.0117994 0.0563943 0.886227
0 0.678296 0.383673 0.0106939 0.0602155 0.883346
0 0.522574 0.38312 0.0109852 0.0603516 0.880742
0 0.609217 0.379331 0.0109756 0.0610339 0.762669
0 0.644417 0.36557 0.0079141 0.0482395 0.755108
0 0.632235 0.383342 0.00979131 0.0603071 0.71034
0 0.585748 0.36795 0.010286 0.0382588 0.618936
0 0.385395 0.346907 0.00765368 0.0408579 0.447302
0 0.704987 0.38962 0.0111132 0.0639193 0.321439
