0 0.364735 0.42178 0.0183314 0.106893 0.927499
0 0.508609 0.38712 0.0132048 0.0667051 0.879417
0 0.208219 0.355802 0.013039 0.0632988 0.846484
0 0.573653 0.386182 0.0114758 0.0571728 0.831724
0 0.696942 0.387017 0.0114735 0.060178 0.809834
0 0.724374 0.377529 0.011359 0.0476922 0.761649
0 0.423759 0.350762 0.00832087 0.0499741 0.748661
0 0.490137 0.412976 0.010788 0.100263 0.642107
0 0.802731 0.395397 0.00958227 0.0578324 0.516676
0 0.816718 0.393252 0.00998777 0.0625057 0.511818
0 0.652099 0.382628 0.0123881 0.0507637 0.474025
