0 0.509024 0.458356 0.0201994 0.118304 0.918044
0 0.487065 0.514956 0.0304978 0.161386 0.917383
0 0.300309 0.463757 0.0197377 0.140528 0.913888
0 0.591777 0.433728 0.0177951 0.0981521 0.911871
0 0.432245 0.427603 0.0184807 0.102747 0.910995
0 0.202412 0.360372 0.0154341 0.0706789 0.854432
0 0.677875 0.427612 0.015477 0.0778271 0.819001
0 0.262624 0.357411 0.0128032 0.0585696 0.71527
0 0.66364 0.371163 0.0106725 0.0561159 0.624441
0 0.421898 0.39557 0.00946388 0.074236 0.404125
0 0.599853 0.377848 0.0121221 0.045347 0.312196
0 0.390611 0.346549 0.00890058 0.041411 0.311753
0 0.610376 0.372161 0.00989965 0.0518923 0.266387
