0 0.469103 0.4668 0.0206612 0.123729 0.933103
0 0.392518 0.434669 0.0161479 0.111669 0.920952
0 0.535487 0.427491 0.0170065 0.100571 0.901793
0 0.49016 0.396 0.0119441 0.0657731 0.889899
0 0.782386 0.38154 0.0132025 0.0664248 0.86552
0 0.605581 0.374 0.0109023 0.0566492 0.859677
0 0.740872 0.376058 0.0103333 0.0546356 0.793302
0 0.730669 0.380648 0.00980479 0.042348 0.671831
0 0.643578 0.373466 0.00924823 0.058326 0.581479
0 0.67732 0.372387 0.00862198 0.0503454 0.571798
0 0.328903 0.556304 0.024205 0.253043 0.455931
