0 0.405136 0.457905 0.0249485 0.122652 0.916236
0 0.416052 0.409028 0.0136581 0.0925159 0.909299
0 0.565007 0.41475 0.0151042 0.0850082 0.90639
0 0.489605 0.406748 0.016588 0.0863286 0.87511
0 0.628763 0.379063 0.00851796 0.0590147 0.855337
0 0.779718 0.390421 0.0107086 0.0589274 0.832569
0 0.474912 0.346263 0.00804812 0.0456778 0.803378
0 0.695165 0.377152 0.0117755 0.0580537 0.786051
0 0.43804 0.34676 0.00888964 0.0450861 0.77573
0 0.691736 0.705797 0.0498673 0.298499 0.741065
0 0.611986 0.412106 0.0168198 0.0934357 0.602469
0 0.671691 0.386057 0.0108237 0.0569803 0.57318
0 0.443804 0.347099 0.00663757 0.0449053 0.392318
