0 0.744119 0.37953 0.00994314 0.058238 0.864216
0 0.525658 0.374233 0.0121675 0.0573441 0.821237
0 0.766263 0.373463 0.0104782 0.0517678 0.789196
0 0.657934 0.380637 0.0102454 0.0569868 0.783699
0 0.640129 0.383573 0.0114716 0.0618988 0.75414
0 0.729027 0.378649 0.00908559 0.0487604 0.705796
0 0.826409 0.380114 0.0105141 0.0596751 0.551392
0 0.442857 0.346523 0.00770372 0.0433064 0.540989
0 0.637503 0.382957 0.0165774 0.0634584 0.457617
0 0.572333 0.406419 0.0202021 0.0797683 0.32797
0 0.783013 0.372263 0.00917409 0.0526209 0.274463
