0 0.583187 0.461565 0.0142293 0.116803 0.925882
0 0.423375 0.406799 0.0162519 0.0895475 0.923731
0 0.646355 0.502473 0.0311317 0.133951 0.904691
0 0.113095 0.354752 0.0133394 0.0754098 0.878211
0 0.71672 0.461088 0.018809 0.110387 0.875679
0 0.505483 0.432371 0.0198734 0.109745 0.809275
0 0.604963 0.504323 0.0341947 0.151491 0.787733
0 0.344203 0.371867 0.0100705 0.0693733 0.779848
0 0.332817 0.367669 0.0111067 0.0607477 0.777748
0 0.49105 0.413386 0.0155434 0.0897719 0.753931
0 0.655371 0.404525 0.0118576 0.0729753 0.72342
0 0.132017 0.36058 0.0133342 0.0686038 0.656043
0 0.639217 0.494614 0.0156232 0.146453 0.560025
0 0.418437 0.342477 0.00703964 0.0406039 0.411108
0 0.410015 0.341962 0.00714862 0.044026 0.362913
