0 0.504646 0.43567 0.0219416 0.105744 0.920324
0 0.535761 0.388772 0.0114498 0.0752984 0.896287
0 0.455688 0.39177 0.0120547 0.0747526 0.88419
0 0.464643 0.410168 0.0192244 0.0825496 0.88389
0 0.612957 0.395594 0.0133596 0.0730062 0.836378
0 0.689799 0.377973 0.0101977 0.0529527 0.734815
0 0.500373 0.340983 0.00676613 0.0373153 0.726946
0 0.674177 0.377866 0.00925751 0.0568757 0.674425
0 0.638298 0.395785 0.0112999 0.0801683 0.642774
0 0.585706 0.362579 0.0120552 0.0429709 0.594525
0 0.6254 0.370534 0.00769857 0.0520165 0.337477
