0 0.537807 0.487629 0.0278721 0.136618 0.942447
0 0.334529 0.423354 0.0198835 0.112793 0.937209
0 0.368345 0.44917 0.0295031 0.124024 0.937066
0 0.40377 0.419181 0.0148412 0.0895303 0.911604
0 0.739855 0.426982 0.0195711 0.0834821 0.90059
0 0.618529 0.401679 0.0132907 0.0786008 0.891454
0 0.644971 0.416518 0.024638 0.0951205 0.879007
0 0.501297 0.391597 0.0126606 0.0750805 0.863546
0 0.581847 0.402965 0.0135684 0.0699509 0.819406
0 0.478765 0.391398 0.00923138 0.0720977 0.816964
0 0.356083 0.346804 0.00676422 0.035223 0.373154
0 0.597959 0.399066 0.00687472 0.0634842 0.251845
