0 0.419648 0.418549 0.0171038 0.0906167 0.923092
0 0.596122 0.374581 0.0101751 0.0603915 0.886425
0 0.746381 0.384228 0.0103226 0.0589335 0.859224
0 0.608204 0.414481 0.0146111 0.0891967 0.846515
0 0.6223 0.406671 0.0140541 0.0793845 0.826917
0 0.577036 0.378581 0.00956891 0.0462134 0.796936
0 0.492878 0.411829 0.0180933 0.0936608 0.739876
0 0.935269 0.433087 0.0197282 0.0918991 0.722891
0 0.610383 0.353417 0.0072787 0.0398744 0.718866
0 0.582019 0.345559 0.00727615 0.0306654 0.717237
0 0.548171 0.373562 0.0106124 0.0574085 0.708809
0 0.663605 0.374601 0.01007 0.0517827 0.376245
0 0.180707 0.353104 0.0123452 0.0689064 0.311542
0 0.165659 0.33584 0.00842997 0.052874 0.271587
0 0.478536 0.350119 0.00673345 0.0405099 0.250491
