0 0.695034 0.384015 0.0101893 0.0642008 0.881367
0 0.787911 0.38739 0.0123861 0.0603689 0.760965
0 0.714459 0.406005 0.0149648 0.084079 0.74485
0 0.673439 0.383262 0.00953242 0.0611295 0.741536
0 0.444667 0.341602 0.00752595 0.0410829 0.708283
0 0.435798 0.342797 0.00772413 0.0384534 0.676362
0 0.630447 0.385788 0.00862147 0.0610102 0.559859
0 0.657341 0.367542 0.00717913 0.0473233 0.486673
0 0.759828 0.366206 0.0111992 0.0304526 0.434473
0 0.773879 0.364707 0.00779381 0.040797 0.432534
0 0.392967 0.347169 0.00914828 0.0449848 0.389651
0 0.791005 0.375768 0.00774256 0.0528002 0.279448
