0 0.110155 0.405022 0.0232443 0.0985218 0.912422
0 0.515967 0.390538 0.0112657 0.0711998 0.883038
0 0.430384 0.388563 0.0126969 0.0610885 0.85857
0 0.599726 0.369944 0.00841217 0.0491288 0.854305
0 0.61851 0.389531 0.0133214 0.07133 0.803265
0 0.457923 0.3493 0.010205 0.0438877 0.800795
0 0.473926 0.348874 0.00867984 0.0427314 0.792788
0 0.543589 0.370704 0.00900447 0.0553289 0.785949
0 0.583842 0.392336 0.0145551 0.0691493 0.692278
0 0.615489 0.360914 0.0090121 0.0296186 0.605483
0 0.653215 0.384668 0.016625 0.0651898 0.604243
0 0.693744 0.367601 0.0163088 0.0482718 0.582692
0 0.615725 0.371692 0.00949758 0.0514776 0.378995
0 0.535646 0.370303 0.00774028 0.0488695 0.306108
0 0.0811881 0.541561 0.162376 0.571959 0.252725
