0 0.571889 0.403986 0.0147968 0.0718104 0.928967
0 0.624751 0.417299 0.0131559 0.0948503 0.90688
0 0.372418 0.405888 0.0272168 0.0587251 0.899339
0 0.443323 0.402858 0.0170562 0.0891232 0.888006
0 0.71523 0.386374 0.014296 0.060617 0.877764
0 0.701608 0.373724 0.0109543 0.0546371 0.804913
0 0.552631 0.36569 0.00770289 0.0466615 0.787312
0 0.486567 0.374716 0.0129137 0.0618208 0.743328
0 0.514677 0.379216 0.016215 0.0558645 0.72641
0 0.966262 0.505683 0.0402251 0.139687 0.48101
0 0.443324 0.343136 0.00677134 0.0355771 0.36493
