0 0.365964 0.425847 0.0164431 0.10518 0.931753
0 0.558671 0.424994 0.011851 0.0897069 0.913789
0 0.451274 0.438183 0.0220839 0.100046 0.889039
0 0.675827 0.419543 0.0126342 0.0989479 0.832654
0 0.742971 0.375351 0.00992203 0.0454735 0.830482
0 0.580671 0.388313 0.011521 0.066389 0.823316
0 0.497909 0.437953 0.0156891 0.101229 0.805845
0 0.766768 0.414444 0.0210556 0.0847607 0.683901
0 0.597709 0.450294 0.017481 0.104416 0.680409
0 0.680935 0.375095 0.00813586 0.0487094 0.652857
0 0.414505 0.344428 0.00686137 0.0413116 0.650484
0 0.268295 0.351605 0.0102795 0.0589405 0.428875
0 0.516459 0.404686 0.0137952 0.0683691 0.416633
0 0.45432 0.342742 0.00780703 0.0412888 0.396199
