0 0.631451 0.4692 0.020178 0.114461 0.932118
0 0.667153 0.409323 0.0166929 0.0798846 0.930376
0 0.689122 0.368409 0.0106992 0.0518728 0.881842
0 0.806544 0.410289 0.0135977 0.0766738 0.875084
0 0.755848 0.41492 0.0129894 0.082012 0.872945
0 0.538689 0.394483 0.0132268 0.0740336 0.850167
0 0.447786 0.402172 0.0209663 0.0714838 0.827473
0 0.209495 0.356109 0.0116418 0.0662814 0.821716
0 0.56308 0.392097 0.0101837 0.0752135 0.800264
0 0.494701 0.409121 0.0151945 0.0742216 0.799016
0 0.551449 0.394959 0.0119947 0.0714535 0.742847
0 0.719896 0.373901 0.0144004 0.0427819 0.5607
0 0.393631 0.349887 0.00779616 0.0359234 0.446331
0 0.602349 0.385995 0.00923259 0.0683604 0.438885
