0 0.537859 0.423334 0.0162243 0.102081 0.906978
0 0.587239 0.376421 0.00904198 0.0543646 0.882226
0 0.779512 0.397565 0.0142799 0.0719071 0.874248
0 0.751802 0.372982 0.00938848 0.043306 0.817017
0 0.629526 0.408638 0.0127781 0.0860652 0.789533
0 0.722248 0.367129 0.00794474 0.0420116 0.760576
0 0.609897 0.375923 0.00799217 0.0582003 0.743355
0 0.438468 0.416451 0.0179471 0.0842567 0.723741
0 0.67176 0.366828 0.0107979 0.0470742 0.676236
0 0.762167 0.389287 0.0137637 0.0534235 0.447902
0 0.626958 0.371313 0.00952199 0.0429527 0.347559
0 0.763822 0.38648 0.0102688 0.048638 0.279097
