0 0.370499 0.474383 0.028794 0.101378 0.922483
0 0.564033 0.410432 0.013584 0.0837793 0.910207
0 0.617968 0.427433 0.0161535 0.0965149 0.905852
0 0.579976 0.384396 0.0118013 0.0649148 0.897051
0 0.400519 0.430547 0.0191646 0.0887162 0.894007
0 0.699244 0.393535 0.011904 0.0693685 0.813636
0 0.528659 0.400863 0.0109216 0.0808838 0.80911
0 0.577499 0.540639 0.0325506 0.17061 0.802052
0 0.787369 0.401168 0.0103831 0.076554 0.732759
0 0.60243 0.372546 0.0115229 0.0461706 0.653611
0 0.601448 0.425195 0.0138234 0.0793341 0.390536
0 0.787906 0.38871 0.00925649 0.0515762 0.339658
