0 0.447455 0.452555 0.0250309 0.114023 0.917165
0 0.42398 0.422621 0.012629 0.087546 0.907128
0 0.590292 0.406603 0.0163287 0.0934161 0.891868
0 0.524035 0.532502 0.0559361 0.169276 0.822023
0 0.359784 0.43288 0.0152512 0.0855829 0.75444
0 0.374033 0.500363 0.0215448 0.128515 0.698589
0 0.326099 0.45733 0.0201747 0.133489 0.656307
0 0.373628 0.537184 0.0220844 0.201786 0.564869
0 0.125759 0.435123 0.0164559 0.125657 0.542482
0 0.361461 0.5733 0.0445602 0.249564 0.484526
0 0.326022 0.486675 0.0200556 0.192651 0.468694
0 0.640501 0.429367 0.0264641 0.084738 0.344906
0 0.125855 0.470355 0.0164072 0.196273 0.323807
