0 0.311885 0.424766 0.0317725 0.101522 0.918222
0 0.584798 0.368414 0.00947647 0.0513403 0.880137
0 0.643917 0.387794 0.0109726 0.0671518 0.866788
0 0.657355 0.424852 0.0175016 0.0860145 0.85906
0 0.381161 0.437713 0.0152283 0.122367 0.851012
0 0.388616 0.442345 0.0252631 0.116656 0.846171
0 0.491959 0.350711 0.00824076 0.0423818 0.822563
0 0.713556 0.369184 0.00817541 0.0460398 0.781617
0 0.724975 0.40954 0.0195641 0.0755447 0.682887
0 0.719963 0.370376 0.00950495 0.0465444 0.645395
0 0.385068 0.438325 0.0211116 0.12272 0.507462
0 0.736485 0.37197 0.00978419 0.0423409 0.503593
