0 0.619868 0.416312 0.0126343 0.0857116 0.917541
0 0.57979 0.403581 0.01503 0.082348 0.89291
0 0.550971 0.367392 0.0086853 0.0490467 0.874765
0 0.538399 0.383001 0.0106097 0.0649426 0.852134
0 0.530643 0.404241 0.0143461 0.0831401 0.826978
0 0.692196 0.406066 0.0194489 0.0731423 0.690444
0 0.815382 0.37994 0.00854543 0.055482 0.676208
0 0.567933 0.36143 0.00921148 0.0496563 0.552022
0 0.580427 0.36313 0.0105663 0.0347064 0.505224
0 0.656092 0.375492 0.0148997 0.0504371 0.361635
0 0.568387 0.355563 0.00828336 0.040417 0.318167
