0 0.45049 0.456903 0.0224944 0.121453 0.942538
0 0.419692 0.424716 0.0187532 0.097223 0.905249
0 0.486713 0.40538 0.015962 0.0899724 0.904024
0 0.678613 0.503233 0.0194674 0.123289 0.895865
0 0.535299 0.411289 0.0134515 0.0959911 0.876873
0 0.67617 0.382406 0.0115323 0.0611056 0.871758
0 0.476934 0.38309 0.01178 0.0670475 0.836663
0 0.55536 0.377121 0.0111188 0.0603715 0.820075
0 0.312155 0.36728 0.011846 0.0605288 0.804907
0 0.286607 0.360132 0.00872472 0.046454 0.756905
0 0.610387 0.390537 0.0128672 0.0747708 0.699062
0 0.594154 0.363247 0.00882543 0.0472139 0.636827
0 0.439907 0.349442 0.00795898 0.0491023 0.356958
