0 0.313767 0.410227 0.0210562 0.0936015 0.905015
0 0.359106 0.407878 0.0197077 0.0838752 0.891732
0 0.695707 0.372269 0.00959498 0.0526486 0.881555
0 0.549251 0.373834 0.0090861 0.0540032 0.859427
0 0.429289 0.394579 0.0136581 0.064533 0.832973
0 0.601127 0.379726 0.00892944 0.0633124 0.832429
0 0.509592 0.378056 0.0103584 0.0539189 0.831509
0 0.447192 0.392153 0.012232 0.0533968 0.795827
0 0.636683 0.357802 0.00836309 0.0311937 0.740572
0 0.537174 0.352819 0.00572662 0.0354868 0.649709
0 0.629189 0.373654 0.00668246 0.0441285 0.6002
0 0.635877 0.398654 0.0141462 0.071369 0.588594
0 0.216946 0.358222 0.0124357 0.0588038 0.526989
