0 0.705719 0.429692 0.0176758 0.0883006 0.926488
0 0.422992 0.411452 0.0174119 0.0907854 0.912103
0 0.484864 0.390508 0.012626 0.074171 0.903735
0 0.595256 0.397639 0.0124655 0.0812751 0.887285
0 0.544433 0.463219 0.022 0.106842 0.832517
0 0.733278 0.376246 0.0100558 0.0509044 0.806543
0 0.446143 0.344695 0.00884438 0.0433101 0.80262
0 0.710284 0.373784 0.00972112 0.0460285 0.795995
0 0.412546 0.351247 0.00760918 0.0374383 0.750002
0 0.683827 0.371521 0.0105543 0.0557631 0.552667
0 0.367018 0.39812 0.0133029 0.0682912 0.508601
0 0.808124 0.376746 0.01021 0.0515548 0.425335
0 0.541392 0.434268 0.0175437 0.11517 0.354642
