0 0.466176 0.463894 0.0176729 0.124984 0.927905
0 0.794422 0.415616 0.0173873 0.0783144 0.887307
0 0.419075 0.472895 0.0284007 0.136511 0.883077
0 0.57892 0.486699 0.0265564 0.12895 0.735865
0 0.589287 0.387997 0.00963059 0.0722853 0.717153
0 0.637978 0.498111 0.0235322 0.130045 0.684615
0 0.628558 0.443703 0.0254487 0.118875 0.672967
0 0.628406 0.473851 0.0256015 0.182115 0.584004
0 0.40802 0.422952 0.013403 0.101892 0.512895
0 0.40757 0.446866 0.013866 0.151427 0.401099
0 0.680253 0.430819 0.0190973 0.0941128 0.296567
