0 0.748679 0.390567 0.0118746 0.0680528 0.875771
0 0.820302 0.382169 0.00859706 0.046172 0.860916
0 0.707602 0.372188 0.00858409 0.0496303 0.853292
0 0.777141 0.380945 0.0124753 0.0486259 0.852235
0 0.643463 0.363025 0.00932554 0.0464382 0.828875
0 0.543475 0.36739 0.00752843 0.0535316 0.79698
0 0.740776 0.375199 0.0103739 0.0484134 0.791614
0 0.715549 0.370339 0.00638784 0.0396281 0.641081
0 0.618326 0.361762 0.00887553 0.050866 0.575214
0 0.666344 0.367444 0.0070165 0.0490269 0.544199
0 0.636952 0.396236 0.0109595 0.0661409 0.347737
