0 0.430335 0.389926 0.0193018 0.0787453 0.895642
0 0.443013 0.351566 0.0115452 0.050448 0.895444
0 0.518817 0.405921 0.0250703 0.0815027 0.883569
0 0.260275 0.355833 0.00973295 0.0623629 0.822907
0 0.599937 0.382401 0.0147751 0.0615212 0.817182
0 0.18662 0.35638 0.0138445 0.074009 0.803458
0 0.723068 0.368962 0.00816294 0.0471017 0.762893
0 0.466363 0.395641 0.0138801 0.0585446 0.717716
0 0.408779 0.347841 0.00832615 0.0475481 0.711394
0 0.642048 0.395565 0.0147758 0.0787045 0.64053
0 0.579928 0.369953 0.00858638 0.0482383 0.634645
0 0.742588 0.780392 0.0588868 0.324662 0.483491
0 0.713211 0.362778 0.00871836 0.044856 0.326689
