0 0.809945 0.500788 0.0334084 0.126693 0.913227
0 0.121166 0.358021 0.0146059 0.0789194 0.896362
0 0.149564 0.393375 0.0233046 0.0989624 0.878499
0 0.679817 0.378229 0.00952237 0.0549492 0.84926
0 0.490321 0.397305 0.0103658 0.0755766 0.828008
0 0.711271 0.362351 0.00842896 0.0449845 0.813339
0 0.816393 0.398409 0.0136463 0.0667341 0.811297
0 0.501005 0.390577 0.0111545 0.0759464 0.798238
0 0.593604 0.361183 0.00835889 0.0393673 0.784091
0 0.604505 0.360812 0.00859032 0.044918 0.707375
0 0.612082 0.38206 0.0128557 0.0706526 0.514699
