0 0.445216 0.39436 0.0128693 0.0753628 0.918688
0 0.206691 0.359358 0.0131914 0.0660994 0.882133
0 0.459562 0.381177 0.0132348 0.0669818 0.876769
0 0.582905 0.385285 0.0107933 0.0583188 0.842837
0 0.637907 0.38348 0.00994161 0.0635136 0.842314
0 0.452918 0.338628 0.00685438 0.0405807 0.792917
0 0.686537 0.373063 0.00856044 0.0547685 0.636324
0 0.569349 0.368098 0.00936648 0.044715 0.586466
0 0.54249 0.38605 0.0173772 0.0801462 0.37886
0 0.489721 0.345864 0.00710163 0.0442965 0.372315
0 0.5397 0.382181 0.0127543 0.0839319 0.288759
