0 0.475516 0.457271 0.0240474 0.117886 0.935359
0 0.665605 0.484105 0.0224752 0.120511 0.919737
0 0.43432 0.405249 0.0160659 0.0865552 0.911729
0 0.553055 0.447422 0.0272227 0.12139 0.907441
0 0.628999 0.379445 0.0101158 0.0594095 0.882826
0 0.653556 0.395932 0.0130844 0.071874 0.871948
0 0.708526 0.406943 0.0163086 0.0863654 0.799587
0 0.573699 0.411688 0.0116552 0.0858091 0.779626
0 0.424422 0.349232 0.0100557 0.0506874 0.747838
0 0.439329 0.347729 0.00763257 0.0447405 0.703528
0 0.481548 0.38485 0.0147626 0.0768331 0.45744
0 0.833003 0.417878 0.0198956 0.079232 0.406068
