0 0.542102 0.379919 0.0114212 0.0664671 0.882009
0 0.657985 0.395847 0.0127571 0.0727825 0.867173
0 0.684731 0.366305 0.00757306 0.0481249 0.815898
0 0.72432 0.373177 0.00810407 0.0515028 0.811169
0 0.554672 0.380878 0.0111549 0.0648606 0.789707
0 0.763297 0.377935 0.00800934 0.0510404 0.789203
0 0.699332 0.366104 0.00914688 0.0518377 0.77032
0 0.639061 0.375479 0.00951386 0.0571061 0.714748
0 0.459822 0.394894 0.0137204 0.063527 0.698285
0 0.584843 0.363716 0.00914764 0.0418732 0.675921
0 0.814532 0.381608 0.0102099 0.0599799 0.604698
