0 0.293587 0.445447 0.0183788 0.103292 0.934669
0 0.654591 0.39716 0.0144783 0.0762256 0.866969
0 0.363226 0.403048 0.0172506 0.0656864 0.828841
0 0.207038 0.415386 0.0194099 0.0805991 0.766133
0 0.542075 0.37795 0.0117133 0.066785 0.760388
0 0.607133 0.385336 0.00933685 0.0655271 0.697633
0 0.634616 0.370937 0.00897738 0.0473832 0.647835
0 0.404105 0.384425 0.0127092 0.0675812 0.637152
0 0.678799 0.368769 0.00915731 0.0475228 0.635281
0 0.614445 0.366751 0.00707041 0.0473329 0.560496
0 0.689988 0.369924 0.00827662 0.0505324 0.496182
0 0.448016 0.337438 0.00721976 0.0416246 0.408465
