0 0.432288 0.400978 0.0122997 0.0815683 0.91311
0 0.702455 0.398355 0.010718 0.0693175 0.903429
0 0.621072 0.38059 0.0108213 0.0613325 0.881693
0 0.46591 0.388389 0.0137646 0.0752108 0.878195
0 0.552781 0.371472 0.00872726 0.0581163 0.854169
0 0.396648 0.354571 0.0112465 0.0551858 0.839423
0 0.535572 0.370217 0.00947723 0.057999 0.835529
0 0.591521 0.359696 0.00575498 0.0329922 0.651027
0 0.281761 0.374994 0.0110196 0.0478299 0.563636
0 0.659093 0.379693 0.0104507 0.06141 0.492638
0 0.920698 0.41013 0.0126394 0.0630468 0.26193
