0 0.525827 0.481781 0.0263322 0.132111 0.941036
0 0.481259 0.482711 0.0296841 0.138368 0.918858
0 0.751523 0.429699 0.0175145 0.0946499 0.917451
0 0.58655 0.405969 0.0168818 0.0789776 0.904789
0 0.68893 0.431169 0.0163361 0.0862255 0.890571
0 0.558394 0.426138 0.0292661 0.0857456 0.871233
0 0.503484 0.391976 0.0121557 0.0756577 0.869325
0 0.610542 0.409254 0.0197721 0.0834855 0.866058
0 0.421635 0.399733 0.0151499 0.0780299 0.77557
0 0.449575 0.416799 0.0190609 0.0994403 0.762212
0 0.436274 0.403567 0.0130206 0.0733459 0.74748
