0 0.488126 0.413817 0.0147788 0.0919026 0.91259
0 0.524805 0.443304 0.0217566 0.107991 0.90783
0 0.69892 0.405631 0.0135017 0.0782933 0.907525
0 0.749216 0.416415 0.0152328 0.0778463 0.893619
0 0.688854 0.379714 0.00996539 0.0614721 0.879207
0 0.444426 0.348018 0.00790507 0.0404813 0.743051
0 0.663759 0.383722 0.01981 0.0700186 0.713821
0 0.60805 0.361251 0.00998879 0.0358455 0.684729
0 0.401659 0.34475 0.0086621 0.0443507 0.381905
0 0.667225 0.383215 0.0128188 0.0714595 0.310926
0 0.514922 0.396069 0.0121956 0.0714716 0.264735
