0 0.661841 0.394219 0.0137058 0.0664424 0.898576
0 0.562013 0.37505 0.010998 0.0592954 0.856221
0 0.573239 0.359356 0.00712611 0.0359782 0.786275
0 0.749655 0.375762 0.0114597 0.043486 0.774643
0 0.695177 0.405471 0.0131617 0.074146 0.770881
0 0.51111 0.373642 0.00916138 0.0622127 0.738596
0 0.643706 0.375625 0.00976969 0.0574686 0.679341
0 0.696519 0.364128 0.00817769 0.0382931 0.537286
0 0.644124 0.368928 0.00888786 0.043956 0.442567
0 0.407803 0.347811 0.00726 0.0454678 0.442358
0 0.707959 0.386734 0.0090093 0.0575329 0.379552
0 0.975915 0.403235 0.0106748 0.0600932 0.355031
0 0.572817 0.372796 0.00757853 0.0577582 0.354068
0 0.618888 0.376863 0.0110418 0.0592065 0.279268
