0 0.326423 0.472034 0.0281974 0.145108 0.933143
0 0.473229 0.443469 0.0211301 0.110815 0.932717
0 0.692529 0.429735 0.016112 0.0924626 0.913535
0 0.558462 0.37754 0.0076711 0.0586516 0.876455
0 0.378065 0.416178 0.0252097 0.0933425 0.870008
0 0.441745 0.350344 0.00846825 0.0470952 0.839965
0 0.427255 0.421875 0.01813 0.0954231 0.783004
0 0.583086 0.375105 0.00750389 0.0522303 0.586421
0 0.227481 0.542386 0.0446693 0.250194 0.561347
0 0.428624 0.348772 0.00875238 0.0498334 0.557831
0 0.644306 0.407987 0.0157633 0.0907405 0.354864
