0 0.27552 0.434901 0.02169 0.119505 0.933892
0 0.456447 0.396494 0.0140863 0.0742472 0.919581
0 0.414043 0.465748 0.0216866 0.128615 0.911995
0 0.477506 0.408795 0.0146804 0.0913684 0.908381
0 0.373953 0.470334 0.0319082 0.130252 0.906737
0 0.439083 0.476545 0.0226346 0.128603 0.900433
0 0.564994 0.447895 0.0190376 0.102408 0.88461
0 0.638655 0.469059 0.0147484 0.102671 0.876631
0 0.543995 0.375027 0.00993703 0.0575681 0.868019
0 0.570398 0.37912 0.0111221 0.0410128 0.763968
0 0.688404 0.374671 0.00753504 0.04657 0.531979
