0 0.607272 0.469986 0.0244486 0.10563 0.924074
0 0.491966 0.453623 0.0181276 0.118994 0.920431
0 0.724038 0.45621 0.015917 0.112702 0.911881
0 0.628346 0.42327 0.0215642 0.10014 0.899023
0 0.434732 0.415015 0.0136344 0.0872677 0.895728
0 0.590189 0.394342 0.0146469 0.0711617 0.835047
0 0.606168 0.384998 0.00972544 0.0658159 0.81647
0 0.669328 0.390937 0.0161865 0.0734868 0.672785
0 0.516724 0.441067 0.0158265 0.137523 0.641352
0 0.649122 0.395899 0.0113503 0.0745118 0.548649
0 0.441072 0.349603 0.00679258 0.0338713 0.328818
0 0.492675 0.394531 0.0156911 0.0484977 0.311154
