0 0.619523 0.420953 0.0187681 0.104838 0.893439
0 0.738343 0.396768 0.0134155 0.0676637 0.88224
0 0.600443 0.420955 0.0190702 0.0814172 0.872155
0 0.548351 0.385685 0.0112892 0.0639759 0.859016
0 0.531348 0.375417 0.00938174 0.0533677 0.855317
0 0.682115 0.377201 0.0117091 0.0608229 0.784885
0 0.748575 0.393336 0.0123409 0.0588943 0.776234
0 0.202458 0.367646 0.0112302 0.0662694 0.760919
0 0.556416 0.354989 0.00766652 0.0470877 0.64696
0 0.940286 0.406135 0.0111083 0.0604266 0.632524
0 0.715903 0.415854 0.0130561 0.0842434 0.595724
0 0.713757 0.405148 0.01707 0.103248 0.540418
0 0.430454 0.35266 0.00826022 0.0462537 0.439531
0 0.710697 0.376847 0.014093 0.0579025 0.334331
0 0.206177 0.361335 0.0131889 0.0781622 0.286333
