0 0.309526 0.441299 0.0229982 0.118978 0.944116
0 0.466018 0.44311 0.0220493 0.111572 0.934146
0 0.438869 0.446829 0.0170497 0.117268 0.933288
0 0.692838 0.383265 0.0140317 0.0595438 0.89402
0 0.633991 0.382917 0.0107691 0.0647495 0.876247
0 0.778201 0.433109 0.0186417 0.0958865 0.865191
0 0.403176 0.435379 0.0189318 0.106006 0.842265
0 0.573228 0.380805 0.00821075 0.060333 0.8048
0 0.611581 0.389773 0.0130811 0.076042 0.800055
0 0.544762 0.349044 0.00766131 0.0445831 0.744936
0 0.585408 0.379797 0.00816574 0.0592489 0.718728
0 0.930792 0.523924 0.044766 0.15598 0.608865
0 0.149157 0.372647 0.0154145 0.0753345 0.520605
0 0.941394 0.525717 0.0659121 0.160157 0.462169
