0 0.674925 0.369197 0.00974681 0.0515191 0.861933
0 0.641197 0.357707 0.00764198 0.0413565 0.824359
0 0.650788 0.356004 0.0071949 0.0403687 0.742669
0 0.422498 0.348227 0.0106486 0.0540699 0.737915
0 0.484247 0.34621 0.00692495 0.0381632 0.70298
0 0.659038 0.358942 0.00715536 0.0436327 0.69353
0 0.352798 0.339412 0.00632235 0.0266808 0.576891
0 0.591704 0.356195 0.00791969 0.0432968 0.535964
0 0.689887 0.364827 0.00877101 0.0438588 0.493665
0 0.970124 0.411043 0.0192012 0.0623866 0.364489
0 0.611125 0.356043 0.00754903 0.0420385 0.332564
