0 0.302062 0.435267 0.0246058 0.103892 0.924244
0 0.542553 0.549869 0.0404755 0.160454 0.918145
0 0.408239 0.430156 0.0166257 0.0996401 0.892795
0 0.33334 0.477541 0.0383813 0.147961 0.872581
0 0.438814 0.402575 0.0116651 0.0753545 0.861645
0 0.507246 0.516454 0.0358355 0.149745 0.856479
0 0.37786 0.489128 0.0249534 0.183221 0.843675
0 0.464606 0.467563 0.019679 0.120694 0.843571
0 0.57602 0.41689 0.0210487 0.0905601 0.841296
0 0.547165 0.377505 0.0107905 0.0606348 0.800487
0 0.618168 0.374826 0.0135824 0.0639718 0.692207
