0 0.458991 0.441489 0.028383 0.109472 0.928071
0 0.429827 0.439532 0.0163148 0.112425 0.921659
0 0.447356 0.418437 0.0139366 0.0928561 0.877026
0 0.505236 0.393325 0.012321 0.0770571 0.855941
0 0.693111 0.383446 0.0134463 0.0591936 0.843551
0 0.686025 0.368374 0.00856679 0.0432162 0.838696
0 0.402046 0.390597 0.0128878 0.0684563 0.836772
0 0.0634745 0.380954 0.0230182 0.0923586 0.767305
0 0.669364 0.374503 0.010409 0.048652 0.761211
0 0.638166 0.376642 0.0110438 0.0577376 0.602422
0 0.539419 0.357308 0.00898374 0.0440353 0.590093
0 0.832651 0.429902 0.0154302 0.085178 0.569981
0 0.471706 0.347601 0.00683441 0.046881 0.251821
