0 0.362942 0.459198 0.0248545 0.128682 0.928577
0 0.430396 0.46754 0.0223508 0.127681 0.92502
0 0.629131 0.392653 0.0121422 0.0691713 0.912121
0 0.476493 0.471294 0.0207868 0.125714 0.879799
0 0.460183 0.455191 0.0189933 0.134633 0.878878
0 0.537696 0.488751 0.0403626 0.131735 0.801128
0 0.670844 0.40124 0.010159 0.0652114 0.747771
0 0.220637 0.351149 0.00934207 0.0641282 0.682077
0 0.221633 0.443364 0.0295265 0.129897 0.664113
0 0.410849 0.343687 0.00639394 0.0406511 0.648012
0 0.227541 0.437208 0.018397 0.117531 0.467743
