0 0.602471 0.360217 0.00718587 0.0336184 0.807982
0 0.454994 0.345822 0.00971286 0.0498085 0.800054
0 0.434302 0.342549 0.00875816 0.0435775 0.775604
0 0.660909 0.366804 0.00909081 0.0406109 0.674547
0 0.80651 0.368587 0.0106407 0.0369389 0.659834
0 0.750998 0.373957 0.0113551 0.0535236 0.628908
0 0.580077 0.370699 0.00766347 0.0602341 0.596296
0 0.586989 0.373509 0.00928714 0.0508237 0.581251
0 0.716533 0.371213 0.00976741 0.0509095 0.553957
0 0.62443 0.363336 0.00872345 0.0388987 0.409273
0 0.673729 0.361422 0.00852458 0.0497617 0.271876
