0 0.39317 0.457542 0.0199407 0.130837 0.932547
0 0.707904 0.368028 0.00967725 0.0547796 0.859797
0 0.739728 0.39248 0.0115373 0.069778 0.853989
0 0.632292 0.374332 0.00924378 0.0535925 0.83544
0 0.697569 0.367953 0.00937411 0.0432421 0.831761
0 0.477756 0.387251 0.0114567 0.0718354 0.811015
0 0.666278 0.366766 0.00865059 0.0482889 0.741077
0 0.748529 0.39301 0.013588 0.0679298 0.73814
0 0.659254 0.367361 0.00970205 0.0518577 0.736418
0 0.443803 0.343446 0.00723171 0.0437744 0.697657
0 0.818911 0.37051 0.0107642 0.0369416 0.576303
0 0.745656 0.393218 0.0189858 0.0682774 0.365615
