0 0.422848 0.409162 0.0126914 0.0767128 0.886983
0 0.516966 0.415725 0.0145913 0.0955962 0.879977
0 0.371852 0.422911 0.0157941 0.107818 0.876398
0 0.590105 0.374023 0.00990346 0.0549231 0.870271
0 0.728711 0.37307 0.00930939 0.0470446 0.866199
0 0.710174 0.377257 0.00908508 0.0542698 0.849932
0 0.212735 0.382197 0.0206657 0.0745603 0.843062
0 0.378097 0.457619 0.0294346 0.121275 0.771751
0 0.601333 0.365726 0.00998077 0.0537199 0.687316
0 0.495807 0.414472 0.0149515 0.0552786 0.681664
0 0.667458 0.37555 0.0101791 0.0559715 0.633223
0 0.671182 0.378671 0.016672 0.0482387 0.480534
0 0.484193 0.337676 0.00733884 0.0416011 0.326007
