0 0.679901 0.481977 0.0203178 0.105921 0.913484
0 0.378438 0.401136 0.0152645 0.0860885 0.903447
0 0.489352 0.407257 0.00941823 0.0837249 0.899622
0 0.429908 0.398082 0.0149384 0.0844364 0.892679
0 0.572148 0.414897 0.0224739 0.095277 0.87055
0 0.637522 0.375403 0.0104113 0.0559733 0.86649
0 0.471561 0.345319 0.00772718 0.0424822 0.832739
0 0.529418 0.413119 0.012756 0.0942418 0.819373
0 0.722277 0.383392 0.0103142 0.0618108 0.787954
0 0.673755 0.367928 0.00824229 0.0377056 0.650188
0 0.688338 0.375844 0.0115367 0.0505003 0.622363
0 0.451891 0.340752 0.00661354 0.0385356 0.594154
