0 0.291645 0.432907 0.0307408 0.116984 0.937574
0 0.522942 0.454637 0.0173636 0.110559 0.927719
0 0.480593 0.432159 0.0205237 0.0999716 0.914695
0 0.440328 0.464803 0.0277041 0.113584 0.911325
0 0.453648 0.420067 0.0125604 0.0929231 0.904419
0 0.374533 0.473682 0.0312789 0.151508 0.903267
0 0.545357 0.378436 0.00923309 0.0556517 0.89101
0 0.657564 0.376203 0.01014 0.0536511 0.871704
0 0.710832 0.374526 0.00881793 0.0552418 0.777435
0 0.722106 0.374063 0.00887044 0.0511558 0.724857
0 0.66886 0.444384 0.0130526 0.0905568 0.492131
