0 0.462619 0.395478 0.011304 0.0768171 0.908014
0 0.736348 0.398815 0.0127729 0.0680666 0.885066
0 0.252787 0.386767 0.0147562 0.0833255 0.875005
0 0.446467 0.351017 0.00962817 0.0470687 0.85132
0 0.525082 0.384373 0.0126732 0.0687199 0.839432
0 0.561449 0.366119 0.00896454 0.0411105 0.790355
0 0.64254 0.38214 0.0130203 0.0622055 0.773061
0 0.706791 0.371341 0.0124718 0.0499985 0.733825
0 0.574107 0.359995 0.00797526 0.0409215 0.728755
0 0.463463 0.345209 0.00969601 0.0387422 0.68014
0 0.582632 0.364292 0.00827827 0.0495532 0.657224
0 0.47912 0.373808 0.00995191 0.067324 0.529851
0 0.650292 0.37163 0.00619253 0.0459726 0.423977
