0 0.447552 0.451035 0.0261452 0.108269 0.933807
0 0.498444 0.461358 0.0214141 0.11746 0.928943
0 0.590547 0.430632 0.0185666 0.0941124 0.910384
0 0.388347 0.349584 0.00829188 0.0491225 0.840639
0 0.718409 0.378671 0.0110059 0.0627996 0.781744
0 0.767929 0.526655 0.0292386 0.151667 0.737352
0 0.676137 0.401148 0.014904 0.0703617 0.72681
0 0.213708 0.356082 0.0138846 0.062457 0.726467
0 0.551907 0.378961 0.00834732 0.0416504 0.721543
0 0.552587 0.372731 0.00972341 0.0541139 0.472901
0 0.73877 0.52006 0.0504767 0.151831 0.469903
0 0.978897 0.40551 0.0144808 0.0703225 0.417051
0 0.644222 0.39928 0.0103914 0.0772941 0.313421
0 0.761701 0.525901 0.0410833 0.154189 0.299217
0 0.742249 0.523295 0.074831 0.156828 0.2716
