0 0.638383 0.498263 0.019768 0.118333 0.931339
0 0.45215 0.409196 0.0136962 0.0918621 0.900163
0 0.512834 0.42827 0.0196752 0.127863 0.892826
0 0.482175 0.455441 0.0194632 0.121538 0.877309
0 0.58259 0.369761 0.00960134 0.0563252 0.849297
0 0.420959 0.38815 0.00861893 0.0685168 0.848539
0 0.624531 0.37112 0.00945511 0.0531417 0.819597
0 0.492037 0.422468 0.0140144 0.0953203 0.818844
0 0.675484 0.381674 0.0146456 0.0648838 0.799561
0 0.715726 0.37563 0.0102645 0.0574666 0.787251
0 0.487468 0.350454 0.00755997 0.0428205 0.756048
0 0.380407 0.413458 0.023267 0.0906661 0.748352
0 0.441483 0.350914 0.00724322 0.0418653 0.655585
