0 0.490618 0.426458 0.0278208 0.0912844 0.915062
0 0.689901 0.392943 0.0133878 0.0700991 0.890992
0 0.614138 0.393684 0.0132004 0.0655467 0.890346
0 0.525573 0.378195 0.0104553 0.0489085 0.890338
0 0.628676 0.364595 0.0110725 0.0454669 0.83141
0 0.571955 0.379019 0.0129528 0.0600286 0.822859
0 0.599539 0.407058 0.0133326 0.0783902 0.782512
0 0.638784 0.363463 0.00741183 0.0398134 0.776006
0 0.556138 0.374217 0.0104438 0.0468105 0.718947
0 0.443529 0.345592 0.00612857 0.0354332 0.701028
0 0.493121 0.371612 0.00878773 0.043811 0.673794
0 0.435258 0.342989 0.00774517 0.0396009 0.414958
