0 0.654513 0.395134 0.0127482 0.0748158 0.900183
0 0.498295 0.386005 0.0112985 0.0725281 0.8904
0 0.578016 0.410908 0.0143204 0.0852918 0.88919
0 0.565468 0.373378 0.00989571 0.0518652 0.87654
0 0.462972 0.346529 0.00898965 0.0451129 0.828541
0 0.445396 0.3471 0.00829684 0.0473199 0.773966
0 0.526259 0.382422 0.0164427 0.067978 0.772605
0 0.709368 0.371781 0.00800133 0.0552888 0.749159
0 0.68944 0.381577 0.00927696 0.0584753 0.743636
0 0.702076 0.39364 0.00998357 0.0691279 0.714679
0 0.519735 0.382794 0.0090711 0.0663089 0.552431
0 0.583776 0.369123 0.00726268 0.0445228 0.433563
0 0.454171 0.344419 0.00812276 0.0405657 0.430905
