0 0.617701 0.418125 0.0137048 0.0861264 0.920291
0 0.50784 0.384523 0.0111239 0.0670928 0.889233
0 0.577034 0.390562 0.0106531 0.0651707 0.788216
0 0.544572 0.342091 0.00689163 0.0306085 0.748344
0 0.545478 0.374576 0.00935542 0.0392323 0.724173
0 0.573044 0.359047 0.00719732 0.0320965 0.719814
0 0.638466 0.390615 0.012831 0.076632 0.709322
0 0.564632 0.40062 0.0166237 0.0808454 0.671289
0 0.560373 0.377797 0.00949135 0.0564544 0.669182
0 0.488926 0.374077 0.00796242 0.0596423 0.661073
0 0.48005 0.349389 0.00943489 0.0438963 0.497116
0 0.927061 0.399534 0.0163684 0.0494282 0.438937
0 0.457308 0.348677 0.00822843 0.0442425 0.270609
