0 0.485113 0.426489 0.0190704 0.100199 0.872497
0 0.705438 0.396859 0.0154088 0.0676767 0.854505
0 0.461852 0.349451 0.00807972 0.042627 0.836164
0 0.473207 0.421123 0.0149105 0.0976722 0.829682
0 0.52027 0.403312 0.0135038 0.0823292 0.826564
0 0.538802 0.397147 0.0104927 0.0746425 0.820803
0 0.501402 0.378335 0.0112298 0.0646459 0.817587
0 0.473357 0.349282 0.00700353 0.0412712 0.805823
0 0.901625 0.416935 0.0161425 0.0734507 0.754925
0 0.620374 0.375542 0.0104594 0.0567587 0.753624
0 0.884672 0.404042 0.014503 0.0656297 0.558692
0 0.70017 0.370654 0.00708809 0.0444721 0.392355
