0 0.414676 0.485452 0.0443423 0.133872 0.944211
0 0.475637 0.442384 0.0260578 0.110969 0.908707
0 0.504123 0.433929 0.0157107 0.104852 0.904762
0 0.461636 0.435036 0.0133066 0.0936404 0.852427
0 0.671506 0.364263 0.00821521 0.0489911 0.805567
0 0.656753 0.428528 0.0167145 0.088168 0.797888
0 0.799866 0.383127 0.0112933 0.048411 0.764542
0 0.706942 0.370554 0.0122691 0.0529881 0.760213
0 0.74018 0.391555 0.0102646 0.0625441 0.739502
0 0.689569 0.365698 0.010733 0.0435644 0.65496
0 0.624225 0.376882 0.00863953 0.0569832 0.465178
0 0.451058 0.347496 0.00752131 0.0400435 0.389725
0 0.443395 0.346513 0.00927429 0.0472565 0.385417
