0 0.469477 0.396355 0.012705 0.0730061 0.886504
0 0.424477 0.392364 0.00965474 0.0717549 0.882513
0 0.599105 0.383947 0.0120998 0.0661294 0.838389
0 0.488475 0.390414 0.0133968 0.0730805 0.833725
0 0.554932 0.384104 0.0108683 0.0539133 0.829868
0 0.749473 0.383013 0.0127046 0.0507508 0.821386
0 0.545754 0.382903 0.0122981 0.0676947 0.816607
0 0.609779 0.410947 0.0134581 0.0829565 0.792159
0 0.756779 0.393592 0.013085 0.0686017 0.784787
0 0.779058 0.384793 0.00977071 0.0521836 0.631583
0 0.202531 0.357712 0.0148239 0.0677998 0.541448
