0 0.617203 0.377338 0.0124886 0.0623218 0.903628
0 0.495391 0.425071 0.021167 0.0835899 0.900739
0 0.643682 0.379975 0.00982386 0.0622842 0.886129
0 0.457095 0.375747 0.0187407 0.0636822 0.883886
0 0.529962 0.405085 0.0144273 0.088452 0.86018
0 0.676339 0.394355 0.0147367 0.0671344 0.856366
0 0.487818 0.353645 0.00807584 0.0397121 0.820338
0 0.439891 0.393061 0.017063 0.072104 0.804624
0 0.69756 0.390135 0.00974655 0.0650561 0.784714
0 0.652947 0.372919 0.010457 0.0535206 0.774371
0 0.481823 0.375969 0.0115279 0.0646439 0.75101
0 0.463283 0.342047 0.00837148 0.0312663 0.713688
0 0.653292 0.366974 0.00944443 0.0402866 0.468559
0 0.448727 0.349464 0.00858231 0.049438 0.429743
0 0.438546 0.349517 0.00927022 0.0427677 0.353953
0 0.389097 0.365739 0.0111697 0.057013 0.351181
