0 0.519631 0.471984 0.0270767 0.132934 0.938867
0 0.462635 0.474355 0.0266593 0.119925 0.928886
0 0.727361 0.422063 0.0168109 0.0811223 0.927977
0 0.635121 0.476366 0.0171023 0.126848 0.921136
0 0.550204 0.398878 0.0126138 0.0684043 0.8949
0 0.379926 0.440767 0.0178654 0.117855 0.894285
0 0.742215 0.391306 0.0122411 0.0652325 0.869008
0 0.666674 0.376657 0.0106443 0.0570808 0.820265
0 0.456175 0.345517 0.00824445 0.0468769 0.816956
0 0.410681 0.348771 0.00803324 0.0453603 0.674613
0 0.360762 0.524973 0.0433106 0.214684 0.651278
0 0.391694 0.536017 0.0353053 0.168981 0.625863
0 0.6832 0.380971 0.0098273 0.0517507 0.520632
0 0.424414 0.347389 0.00873807 0.0426913 0.515804
0 0.445251 0.342293 0.00990448 0.0395374 0.317993
0 0.391258 0.584307 0.0354561 0.269419 0.305212
0 0.483681 0.34766 0.00777957 0.0366336 0.257906
