0 0.570658 0.370639 0.00938746 0.0518877 0.881309
0 0.313052 0.364165 0.0138716 0.0644237 0.879171
0 0.634864 0.386047 0.00913696 0.0629288 0.823162
0 0.73408 0.369892 0.00765076 0.050345 0.80015
0 0.517405 0.370319 0.00912736 0.0594017 0.77866
0 0.644247 0.376644 0.00904706 0.0549713 0.774573
0 0.471725 0.351859 0.00781517 0.0370546 0.772521
0 0.699254 0.370093 0.00841827 0.046763 0.736096
0 0.50676 0.387358 0.0118057 0.0700691 0.514506
0 0.622344 0.357136 0.00805397 0.0462885 0.443684
0 0.686129 0.364978 0.00985171 0.0537551 0.296639
