0 0.442432 0.400538 0.0156914 0.0823024 0.896694
0 0.660267 0.402358 0.0130132 0.0723862 0.872453
0 0.601936 0.375272 0.0102623 0.0623377 0.839644
0 0.635788 0.37888 0.0123114 0.0609888 0.772333
0 0.804465 0.385181 0.0105963 0.0556108 0.770949
0 0.269152 0.354492 0.0102585 0.0689925 0.645385
0 0.547983 0.366789 0.0125632 0.0517717 0.637123
0 0.65039 0.381451 0.00953751 0.0627297 0.635011
0 0.487356 0.350522 0.00775585 0.0385872 0.600437
0 0.216484 0.351757 0.00861454 0.0532177 0.54409
0 0.543558 0.354363 0.00700785 0.0359012 0.501325
0 0.650641 0.368954 0.00878881 0.0381337 0.359149
0 0.565378 0.375569 0.0123772 0.0577174 0.34939
