0 0.306264 0.414969 0.0224218 0.0977032 0.925737
0 0.454188 0.388929 0.01467 0.0710808 0.898162
0 0.605064 0.442033 0.0221375 0.0996423 0.88556
0 0.685816 0.378584 0.0106314 0.0567444 0.884419
0 0.571561 0.403953 0.0163635 0.0886206 0.883509
0 0.61019 0.367803 0.00935974 0.0482626 0.861007
0 0.366751 0.419637 0.0124162 0.0953428 0.852222
0 0.707412 0.39596 0.0152691 0.0663962 0.837402
0 0.5888 0.362521 0.0104113 0.0407516 0.833794
0 0.625305 0.366226 0.00892868 0.0412801 0.776342
0 0.520621 0.484933 0.0274226 0.115998 0.767491
