0 0.515519 0.403767 0.0130142 0.080966 0.9081
0 0.434927 0.350575 0.00850926 0.0495851 0.864276
0 0.609554 0.413269 0.0193075 0.086345 0.806109
0 0.589536 0.377833 0.0101334 0.058719 0.796157
0 0.464051 0.348688 0.00775795 0.0481385 0.731459
0 0.457854 0.35297 0.00906385 0.0483668 0.6869
0 0.765773 0.369827 0.0106555 0.0488879 0.661488
0 0.183636 0.358236 0.0117497 0.0750885 0.50255
0 0.651922 0.364112 0.00743205 0.0360452 0.50073
0 0.184049 0.371943 0.0126096 0.0487105 0.424033
0 0.643725 0.400153 0.0222243 0.0780002 0.384867
0 0.745892 0.386474 0.0109394 0.0542984 0.355178
0 0.409656 0.349177 0.00803146 0.0487506 0.336541
0 0.181823 0.338775 0.00803887 0.0464202 0.328853
0 0.150817 0.522283 0.0308634 0.18245 0.27999
0 0.135288 0.360517 0.0147732 0.0685579 0.253713
0 0.181956 0.348779 0.00838909 0.061695 0.250023
