0 0.502796 0.411039 0.0164218 0.0938821 0.902024
0 0.723869 0.401784 0.0129038 0.0664878 0.880316
0 0.454997 0.402634 0.0155411 0.086184 0.868331
0 0.610877 0.412503 0.0179705 0.0827682 0.859686
0 0.49214 0.380712 0.0113898 0.0718183 0.815897
0 0.822511 0.387971 0.0144267 0.059893 0.770171
0 0.43841 0.348264 0.00896696 0.0438698 0.753075
0 0.644398 0.394983 0.0107445 0.0746443 0.741137
0 0.610671 0.365466 0.00750796 0.0319828 0.50253
0 0.61501 0.36818 0.0157684 0.0429173 0.374306
0 0.618502 0.36237 0.00909182 0.0352177 0.345061
0 0.61474 0.38215 0.0159523 0.0709703 0.295748
