0 0.33521 0.484166 0.0293523 0.138102 0.919344
0 0.423518 0.41937 0.0152424 0.0956238 0.897378
0 0.655399 0.421035 0.0153998 0.0841837 0.89652
0 0.447995 0.400398 0.017846 0.0880035 0.883543
0 0.493915 0.442638 0.0148692 0.122422 0.872104
0 0.62175 0.363117 0.0110423 0.0399456 0.761555
0 0.803822 0.399716 0.0129906 0.0625008 0.756687
0 0.726037 0.371348 0.00992711 0.0476336 0.556226
0 0.696339 0.371711 0.00721143 0.0507475 0.553117
0 0.701987 0.360344 0.00702121 0.0284012 0.413783
0 0.720641 0.37177 0.00980428 0.0483839 0.251957
