0 0.408999 0.445374 0.0150689 0.113423 0.928236
0 0.697126 0.453681 0.0132624 0.117816 0.91759
0 0.614358 0.481681 0.0218257 0.136904 0.914158
0 0.495228 0.404419 0.0176889 0.0896342 0.902613
0 0.476616 0.409066 0.0158398 0.0809362 0.887724
0 0.627919 0.375768 0.0106321 0.0636631 0.848993
0 0.5937 0.365574 0.00981102 0.0466342 0.839134
0 0.428428 0.350339 0.0100615 0.0526351 0.829828
0 0.72779 0.38781 0.0120319 0.0600592 0.808745
0 0.651447 0.368742 0.00936406 0.0515462 0.644688
0 0.681213 0.371215 0.00939929 0.0549974 0.440527
