0 0.473737 0.385872 0.0128334 0.0661945 0.90148
0 0.576008 0.407553 0.0147671 0.085588 0.900403
0 0.586171 0.392492 0.0114492 0.0789352 0.849421
0 0.71641 0.374285 0.0114332 0.0538127 0.805186
0 0.780454 0.397889 0.0165733 0.0728183 0.789342
0 0.738676 0.398881 0.0115241 0.0697388 0.777987
0 0.639521 0.380255 0.0103831 0.0610182 0.726058
0 0.690223 0.383192 0.0125875 0.0555664 0.693375
0 0.304437 0.463771 0.025647 0.125279 0.622058
0 0.522683 0.351962 0.00817362 0.0446953 0.5275
0 0.690127 0.372041 0.010998 0.0585969 0.370956
