0 0.696774 0.443181 0.0174658 0.100666 0.90316
0 0.578972 0.383972 0.0106773 0.0672835 0.862735
0 0.542026 0.369929 0.0076945 0.0545622 0.846529
0 0.76653 0.395285 0.0117203 0.0671174 0.841814
0 0.605541 0.375989 0.00974147 0.0630793 0.823697
0 0.592062 0.385764 0.00981102 0.066152 0.809762
0 0.66559 0.389911 0.0113221 0.06586 0.770992
0 0.385534 0.356433 0.0102736 0.0512204 0.748246
0 0.635021 0.384197 0.0112907 0.0610129 0.730356
0 0.406738 0.350575 0.00697931 0.0432524 0.674378
0 0.71775 0.419701 0.0141762 0.0802836 0.611302
0 0.694923 0.37575 0.0115248 0.0492959 0.493754
