0 0.235595 0.439243 0.0268232 0.108123 0.932766
0 0.292646 0.430533 0.0212176 0.106341 0.929496
0 0.463897 0.390667 0.0116881 0.0770679 0.879435
0 0.51958 0.499714 0.0227441 0.149064 0.80631
0 0.554838 0.37752 0.0105671 0.0597361 0.74596
0 0.518459 0.404951 0.0152176 0.0657308 0.707721
0 0.524267 0.375774 0.0111795 0.0641977 0.682978
0 0.612782 0.383815 0.0139575 0.0691392 0.59285
0 0.689292 0.378493 0.0131237 0.0508678 0.591893
0 0.622112 0.383406 0.0104584 0.0629439 0.475197
0 0.619819 0.384637 0.0149381 0.0670941 0.446647
