0 0.540796 0.441807 0.0112849 0.108188 0.927418
0 0.155058 0.423407 0.0299459 0.114917 0.916447
0 0.182698 0.421547 0.0296059 0.0999847 0.916008
0 0.683325 0.40416 0.0109037 0.0696726 0.881646
0 0.586581 0.414722 0.012772 0.0890353 0.868295
0 0.508191 0.394497 0.0124078 0.0780615 0.826995
0 0.575524 0.409087 0.0136757 0.0846741 0.825912
0 0.497717 0.396879 0.0141972 0.0791695 0.822791
0 0.461368 0.34656 0.00956396 0.0457734 0.756922
0 0.655828 0.366797 0.0104163 0.0407964 0.746739
0 0.409966 0.388918 0.011872 0.0546285 0.715813
0 0.642204 0.379886 0.0129537 0.056965 0.680031
0 0.449554 0.341547 0.00578384 0.0323168 0.66284
0 0.666808 0.392027 0.00726954 0.033523 0.637266
0 0.434658 0.348207 0.00813516 0.037138 0.535778
0 0.427686 0.350849 0.00743497 0.0375524 0.534135
0 0.47707 0.346021 0.00610994 0.0383933 0.47429
0 0.47043 0.347138 0.00701853 0.038946 0.451678
