0 0.508048 0.446926 0.0252865 0.117905 0.928095
0 0.375879 0.428096 0.0230106 0.110069 0.922579
0 0.541279 0.405451 0.0137527 0.0803339 0.889886
0 0.499536 0.401055 0.0192327 0.082003 0.881893
0 0.530277 0.390843 0.0108522 0.0739488 0.850535
0 0.320985 0.406725 0.0265452 0.0660736 0.841328
0 0.565629 0.368184 0.0102821 0.0525854 0.779886
0 0.439082 0.349662 0.00887502 0.0469285 0.770203
0 0.427565 0.350952 0.00861689 0.0493222 0.680114
0 0.48551 0.343255 0.00625127 0.0361401 0.678583
0 0.672259 0.365867 0.00870616 0.0500446 0.672966
0 0.702743 0.361948 0.0117953 0.0499762 0.64617
0 0.497543 0.342455 0.00726649 0.0368029 0.584994
0 0.3699 0.379427 0.0106597 0.050313 0.558688
0 0.369606 0.39211 0.0120438 0.0767633 0.289916
0 0.479646 0.347657 0.00805651 0.0362279 0.26333
