0 0.466208 0.425029 0.0196952 0.102013 0.928539
0 0.422041 0.421264 0.0244839 0.0986267 0.910284
0 0.581621 0.431626 0.0189794 0.104574 0.907198
0 0.627503 0.411711 0.0125435 0.0841155 0.860886
0 0.44051 0.349495 0.0089681 0.0470561 0.846785
0 0.653815 0.388443 0.0127869 0.0710458 0.821576
0 0.748227 0.404265 0.0143552 0.0770959 0.804645
0 0.567764 0.390932 0.00948296 0.0665206 0.660437
0 0.711096 0.370346 0.0106529 0.049013 0.592644
0 0.567742 0.379178 0.00911357 0.0426001 0.584182
0 0.42786 0.350189 0.00778503 0.047745 0.505575
