0 0.661799 0.405584 0.0119082 0.0743138 0.885413
0 0.719206 0.366324 0.0106842 0.0482405 0.850681
0 0.621984 0.375517 0.0111849 0.055743 0.846313
0 0.675725 0.3746 0.0103261 0.0622802 0.702932
0 0.641246 0.38005 0.013494 0.0647831 0.700725
0 0.592366 0.356891 0.00661494 0.0334432 0.687338
0 0.628543 0.369375 0.00652339 0.0489426 0.660076
0 0.448829 0.345138 0.00885391 0.0452993 0.584942
0 0.606827 0.354606 0.00637525 0.0417406 0.584926
0 0.585543 0.370228 0.0080733 0.0541135 0.492554
0 0.425881 0.349248 0.00922165 0.0464063 0.292498
