0 0.557741 0.361584 0.0112053 0.0484429 0.817092
0 0.709315 0.373117 0.00891037 0.0518669 0.798578
0 0.56589 0.383178 0.00878271 0.056211 0.796934
0 0.574415 0.378144 0.00953242 0.0633595 0.767085
0 0.469808 0.349884 0.00936966 0.043313 0.736569
0 0.652004 0.354768 0.00998853 0.0482595 0.723606
0 0.582364 0.379862 0.011393 0.0615731 0.719634
0 0.69657 0.377864 0.00909933 0.0573717 0.653923
0 0.638292 0.360424 0.00897242 0.0440267 0.456468
0 0.663322 0.363473 0.0133907 0.0429785 0.442221
0 0.460786 0.350549 0.0102886 0.043138 0.370923
0 0.614385 0.359836 0.00761693 0.0345297 0.330883
