0 0.628974 0.454432 0.0244123 0.105081 0.907699
0 0.7546 0.419087 0.0120822 0.0800469 0.892853
0 0.609973 0.402428 0.0130974 0.0826563 0.856375
0 0.499452 0.478485 0.0307332 0.144128 0.851858
0 0.687043 0.407409 0.0215157 0.0831033 0.828015
0 0.483112 0.420426 0.0133609 0.0910313 0.692376
0 0.729025 0.415191 0.0105797 0.0807945 0.609318
0 0.237325 0.358328 0.0110648 0.0708611 0.559115
0 0.62286 0.395126 0.0126572 0.0693229 0.454909
0 0.19202 0.35783 0.0113515 0.0684122 0.440427
0 0.50999 0.478811 0.0130428 0.133345 0.402836
0 0.508275 0.407475 0.0115327 0.0682469 0.287881
