0 0.687043 0.374224 0.00958964 0.047537 0.835982
0 0.711049 0.378521 0.0125137 0.0572217 0.829792
0 0.742254 0.419663 0.0141492 0.0824649 0.796314
0 0.548373 0.398888 0.0135256 0.080446 0.758537
0 0.730447 0.408556 0.0154575 0.0864258 0.755926
0 0.505104 0.385914 0.0112225 0.0677527 0.72944
0 0.514639 0.392292 0.0128807 0.0699116 0.690716
0 0.589455 0.381229 0.0102432 0.0611552 0.534207
0 0.76564 0.376514 0.00933228 0.039399 0.473514
0 0.647862 0.362748 0.0100506 0.0372002 0.278362
0 0.647492 0.37596 0.0105184 0.0511255 0.270594
