0 0.540721 0.457809 0.0157681 0.117066 0.916641
0 0.672532 0.517746 0.0233442 0.145042 0.894472
0 0.230521 0.39805 0.0197687 0.094991 0.888495
0 0.217245 0.365939 0.0118631 0.0822115 0.860893
0 0.585098 0.387466 0.00984624 0.0684558 0.82968
0 0.701527 0.401355 0.0179044 0.0695383 0.826413
0 0.376776 0.41008 0.0176941 0.0902795 0.804225
0 0.388035 0.422731 0.0144488 0.092881 0.728837
0 0.575078 0.627882 0.0442866 0.268639 0.710071
0 0.577501 0.595101 0.0393143 0.199592 0.656633
0 0.516558 0.415247 0.0135489 0.092933 0.55857
0 0.648987 0.382082 0.0146416 0.0654504 0.405695
