0 0.719132 0.494496 0.0239693 0.137923 0.941063
0 0.428206 0.418429 0.0140842 0.0797948 0.928418
0 0.413468 0.462649 0.0321406 0.122329 0.921002
0 0.489249 0.425711 0.0182499 0.117598 0.907306
0 0.626213 0.401764 0.0139304 0.076462 0.906589
0 0.790882 0.424009 0.0205783 0.0937667 0.904134
0 0.654208 0.403753 0.0140012 0.0765327 0.900203
0 0.70181 0.408673 0.017519 0.0826514 0.887359
0 0.646049 0.515265 0.0214822 0.153764 0.792149
0 0.595094 0.378014 0.0112902 0.0575693 0.766788
0 0.429992 0.354113 0.0102988 0.0447844 0.326102
