0 0.52061 0.415488 0.0189756 0.0876672 0.91193
0 0.684614 0.364094 0.00983098 0.0482432 0.884953
0 0.499955 0.382971 0.0115095 0.066238 0.877735
0 0.751032 0.379033 0.0113472 0.063277 0.868172
0 0.550506 0.384649 0.0105713 0.0649431 0.865522
0 0.643613 0.431803 0.0161363 0.0910286 0.839708
0 0.475393 0.350268 0.00883916 0.0433091 0.836879
0 0.706276 0.373335 0.00959231 0.0525638 0.804166
0 0.567692 0.392061 0.0135791 0.0766817 0.797378
0 0.669822 0.369812 0.0125376 0.0512522 0.688506
0 0.641421 0.366442 0.00921605 0.0390137 0.546464
0 0.458499 0.352035 0.00939941 0.0427299 0.292975
