0 0.583438 0.411382 0.0137828 0.0871406 0.925765
0 0.336509 0.525006 0.0320538 0.182882 0.911369
0 0.661574 0.39046 0.0120129 0.0633944 0.901039
0 0.609794 0.37831 0.00966199 0.0594548 0.833407
0 0.637198 0.39862 0.010955 0.0719842 0.82863
0 0.542926 0.429291 0.018042 0.106068 0.815805
0 0.486625 0.350257 0.00804698 0.0437493 0.709673
0 0.533432 0.411521 0.0112029 0.0696601 0.697057
0 0.270065 0.46021 0.0218838 0.124977 0.672968
0 0.289258 0.521629 0.0236133 0.218743 0.642925
0 0.531637 0.425807 0.0149853 0.0980104 0.632232
0 0.289311 0.489532 0.0239181 0.153433 0.429293
0 0.269771 0.501906 0.0231598 0.207278 0.413699
0 0.480353 0.353627 0.00804393 0.0355077 0.41003
0 0.218312 0.517785 0.0247902 0.226331 0.271625
