0 0.585261 0.376319 0.0103991 0.0580808 0.880585
0 0.717331 0.390022 0.0118446 0.0612185 0.874406
0 0.790577 0.379333 0.00951564 0.0526173 0.859506
0 0.450301 0.342214 0.00717735 0.0393965 0.791257
0 0.645459 0.361445 0.0102875 0.0363961 0.756834
0 0.458164 0.347728 0.009036 0.05179 0.739443
0 0.665284 0.366365 0.0093455 0.0406566 0.716984
0 0.63501 0.366797 0.00777728 0.0266479 0.688064
0 0.732796 0.377073 0.0130956 0.0562497 0.507765
0 0.623564 0.369477 0.00934906 0.0563355 0.47976
0 0.671659 0.374693 0.0104248 0.0445851 0.339565
