0 0.603716 0.371405 0.00955785 0.0567004 0.885985
0 0.638478 0.358881 0.00829341 0.0487491 0.845639
0 0.763091 0.383691 0.00964877 0.0562319 0.809297
0 0.666472 0.387584 0.0121956 0.0602539 0.802842
0 0.624839 0.387368 0.00950089 0.0639443 0.795824
0 0.583476 0.365186 0.00955455 0.040293 0.792255
0 0.709592 0.371962 0.00873248 0.044711 0.696181
0 0.748745 0.371719 0.00946058 0.0467756 0.69405
0 0.592337 0.371871 0.00795644 0.0535993 0.68768
0 0.70117 0.372011 0.00878423 0.0391034 0.667676
0 0.736753 0.374001 0.0108925 0.050539 0.444554
0 0.46799 0.34691 0.00881958 0.0447277 0.306035
0 0.438533 0.341339 0.00660909 0.041091 0.287765
0 0.768498 0.375941 0.00597305 0.0418382 0.273526
