0 0.361967 0.403148 0.0152753 0.0888553 0.892969
0 0.537152 0.397759 0.013576 0.0798937 0.888489
0 0.638214 0.379849 0.0094635 0.05982 0.864616
0 0.426511 0.423849 0.0125277 0.0993799 0.845386
0 0.664376 0.419012 0.0135226 0.086331 0.814972
0 0.681293 0.408178 0.0129037 0.0766794 0.701647
0 0.467122 0.383968 0.00971591 0.030655 0.635042
0 0.522349 0.356705 0.00720743 0.0368414 0.617937
0 0.69162 0.390758 0.0118304 0.0663399 0.54625
0 0.615089 0.378962 0.00821686 0.064002 0.531622
0 0.539018 0.375794 0.00952606 0.0610619 0.516504
0 0.673159 0.360168 0.0076196 0.0334373 0.480581
0 0.649499 0.366163 0.00752029 0.0576109 0.346016
