0 0.708273 0.477114 0.0224632 0.124666 0.938845
0 0.519425 0.448654 0.0190862 0.112754 0.93147
0 0.628247 0.37748 0.0142067 0.0629012 0.900993
0 0.652296 0.436395 0.0164085 0.0988654 0.899346
0 0.207621 0.423084 0.0176466 0.11228 0.896181
0 0.430453 0.417866 0.020237 0.0888473 0.891576
0 0.683344 0.408648 0.013206 0.074358 0.862936
0 0.445558 0.341902 0.00799599 0.0434899 0.84946
0 0.590514 0.405526 0.0199351 0.0874948 0.833676
0 0.697607 0.383869 0.00950381 0.0615412 0.731951
0 0.42536 0.39363 0.011824 0.0681956 0.702056
0 0.455402 0.344338 0.00776234 0.0355533 0.506973
0 0.427264 0.348496 0.00777944 0.0377474 0.425885
0 0.463796 0.346658 0.00775973 0.0358949 0.273461
