0 0.440815 0.413582 0.0119675 0.077394 0.917944
0 0.46522 0.406877 0.0180148 0.0928332 0.916128
0 0.688484 0.475617 0.0239443 0.122612 0.90184
0 0.753399 0.435075 0.015189 0.101146 0.897536
0 0.541415 0.476359 0.0165956 0.129479 0.884251
0 0.545278 0.373938 0.00956777 0.0591508 0.877342
0 0.643966 0.382876 0.0101557 0.0621507 0.865736
0 0.669718 0.385397 0.0112132 0.0666875 0.812258
0 0.59179 0.370232 0.0099219 0.0529192 0.788393
0 0.68098 0.386547 0.00959015 0.0670294 0.742312
0 0.796378 0.722047 0.0618637 0.312277 0.663797
0 0.699326 0.4187 0.0137299 0.0838959 0.570284
0 0.428989 0.34914 0.00809924 0.0528804 0.25961
0 0.448621 0.343098 0.0063221 0.0429311 0.256385
