0 0.464607 0.426891 0.0157424 0.116355 0.931726
0 0.544581 0.442342 0.0226677 0.0900843 0.906543
0 0.72254 0.420042 0.0182905 0.0920738 0.901604
0 0.609743 0.376649 0.00960236 0.0573624 0.883968
0 0.494807 0.423915 0.0154962 0.114464 0.880028
0 0.761548 0.464627 0.0120112 0.10009 0.878536
0 0.574099 0.376661 0.00910149 0.0536844 0.869481
0 0.642266 0.427756 0.0164756 0.0943649 0.851868
0 0.630293 0.449288 0.0152665 0.108593 0.849783
0 0.661111 0.392332 0.0105335 0.0575565 0.786788
0 0.3063 0.342374 0.00757853 0.0418211 0.780744
0 0.405792 0.395438 0.0132594 0.074214 0.347302
