0 0.648205 0.502818 0.0233395 0.130287 0.934822
0 0.751614 0.451321 0.0214225 0.104868 0.921995
0 0.511018 0.412469 0.0193488 0.0991205 0.909384
0 0.459287 0.413375 0.0148968 0.0914321 0.878947
0 0.210908 0.384932 0.0120848 0.0821752 0.858858
0 0.524256 0.424441 0.0236902 0.0987617 0.842622
0 0.320364 0.505447 0.0246911 0.171885 0.52144
0 0.596649 0.383933 0.0111816 0.0445712 0.419414
0 0.947603 0.398695 0.0179193 0.0575795 0.415401
0 0.320616 0.541133 0.0259758 0.242646 0.393368
0 0.178064 0.518222 0.0235078 0.223117 0.29833
0 0.694201 0.42552 0.0188731 0.0770523 0.25098
