0 0.50856 0.411966 0.0195304 0.0945428 0.924414
0 0.359253 0.433193 0.0179619 0.0961756 0.919692
0 0.737577 0.401156 0.0139603 0.0723478 0.907875
0 0.581085 0.410599 0.0159439 0.0867585 0.902349
0 0.780217 0.398924 0.0169431 0.0738751 0.878241
0 0.484036 0.385856 0.0141117 0.0628292 0.868137
0 0.714074 0.370673 0.00811742 0.0449001 0.859781
0 0.686427 0.366628 0.00840403 0.0476196 0.798676
0 0.522842 0.351442 0.00801665 0.0431071 0.682493
0 0.632126 0.38039 0.00897649 0.0616782 0.583292
0 0.700937 0.361951 0.00884705 0.0440473 0.465205
