0 0.57149 0.405784 0.0127342 0.0818379 0.91419
0 0.533673 0.406665 0.0126901 0.0913186 0.890604
0 0.639758 0.367747 0.0100777 0.0534346 0.885846
0 0.650507 0.395677 0.00948588 0.0717704 0.831937
0 0.519449 0.401883 0.0128325 0.0822786 0.824819
0 0.667126 0.374918 0.00951538 0.0527286 0.785777
0 0.557209 0.384876 0.00995509 0.0679517 0.671681
0 0.586296 0.363688 0.00890198 0.0338316 0.569994
0 0.614326 0.359987 0.00766029 0.0295264 0.476298
0 0.41136 0.349015 0.00773315 0.041597 0.431444
0 0.401777 0.342396 0.00776424 0.0447558 0.417691
0 0.700444 0.38636 0.0132017 0.0625517 0.260348
