0 0.560931 0.378015 0.00870387 0.0575716 0.887881
0 0.700584 0.381183 0.0105848 0.0599202 0.879936
0 0.78496 0.404232 0.0125881 0.0760852 0.836544
0 0.736719 0.399239 0.0157969 0.0716153 0.824366
0 0.74382 0.366432 0.00918376 0.0434444 0.777817
0 0.660086 0.412806 0.0145025 0.0892088 0.760622
0 0.356321 0.369067 0.0141977 0.0560824 0.712821
0 0.673025 0.401157 0.0170143 0.0737232 0.656428
0 0.709843 0.358975 0.00775401 0.0425617 0.630179
0 0.792999 0.399004 0.0108433 0.0669813 0.519548
0 0.637026 0.386548 0.00999146 0.0569055 0.400384
