0 0.397464 0.433499 0.0212771 0.110995 0.920446
0 0.519773 0.42086 0.0181682 0.0967993 0.912005
0 0.227123 0.374367 0.0150704 0.0833027 0.872991
0 0.830707 0.400501 0.0138261 0.0656336 0.864935
0 0.650791 0.428779 0.0180733 0.0998789 0.857498
0 0.587645 0.373765 0.00910467 0.0546987 0.848813
0 0.463594 0.390079 0.0151957 0.088395 0.845762
0 0.450216 0.343816 0.00778783 0.040846 0.72769
0 0.558491 0.355067 0.00971273 0.0242788 0.685298
0 0.705257 0.37536 0.00822932 0.0573551 0.430905
0 0.439434 0.339335 0.00685838 0.0419695 0.32303
0 0.682238 0.370986 0.00798849 0.0490456 0.256493
