0 0.437007 0.424345 0.0180845 0.10463 0.924577
0 0.564101 0.377013 0.00885633 0.0551658 0.880301
0 0.466094 0.39563 0.0131185 0.0771366 0.877782
0 0.210597 0.37788 0.0156518 0.0907807 0.868359
0 0.175456 0.371982 0.0149046 0.0760673 0.863964
0 0.775052 0.421429 0.0167652 0.0837868 0.862252
0 0.521567 0.381757 0.0116876 0.0649103 0.85719
0 0.478218 0.388162 0.0151507 0.0813186 0.82026
0 0.531729 0.350808 0.00750987 0.0377259 0.808044
0 0.713222 0.371226 0.00721588 0.0516912 0.780328
0 0.539138 0.402451 0.0122807 0.0754694 0.778619
