0 0.388757 0.491177 0.0233599 0.155641 0.881241
0 0.762117 0.389061 0.00945689 0.0588874 0.873396
0 0.40856 0.419163 0.018998 0.1005 0.86959
0 0.707644 0.372868 0.0104314 0.0521116 0.851511
0 0.559767 0.409036 0.0153287 0.0871998 0.840629
0 0.685684 0.371825 0.0116524 0.0504792 0.817195
0 0.41618 0.453089 0.0283562 0.115507 0.815743
0 0.476551 0.350323 0.0101075 0.0424934 0.740036
0 0.450723 0.399315 0.0109708 0.0603039 0.737537
0 0.664632 0.371802 0.00631676 0.0493705 0.645082
0 0.734145 0.373203 0.013013 0.0627794 0.432836
