0 0.560846 0.485296 0.0229467 0.133292 0.935072
0 0.299725 0.450124 0.0234057 0.115529 0.907277
0 0.544153 0.469427 0.0189702 0.121558 0.902936
0 0.493709 0.389723 0.0130236 0.0742268 0.895975
0 0.608145 0.404789 0.0137039 0.0727472 0.888273
0 0.596895 0.382626 0.0133137 0.0610878 0.861326
0 0.136338 0.359467 0.0141231 0.0574486 0.845344
0 0.944774 0.50066 0.0329318 0.140525 0.839304
0 0.112926 0.354777 0.0148047 0.0698805 0.82744
0 0.260156 0.461848 0.0325349 0.138079 0.813983
0 0.578912 0.380294 0.0112061 0.0617298 0.784544
0 0.683104 0.367254 0.00901909 0.0307263 0.771543
0 0.67793 0.4013 0.0162287 0.0758678 0.746593
0 0.483655 0.338882 0.00795581 0.0457582 0.644599
0 0.451797 0.349171 0.00866661 0.0445055 0.505695
