0 0.536902 0.437142 0.0175243 0.106651 0.918753
0 0.744018 0.465871 0.0225937 0.111673 0.905637
0 0.589105 0.42145 0.0220064 0.0873832 0.894529
0 0.705001 0.367926 0.0126242 0.0537535 0.878937
0 0.678089 0.368392 0.00912921 0.04463 0.863755
0 0.7714 0.392079 0.012542 0.0614972 0.857117
0 0.655303 0.367354 0.00973752 0.0483122 0.837601
0 0.0845603 0.391692 0.0236513 0.0862012 0.834048
0 0.501739 0.430177 0.0186529 0.0987245 0.818474
0 0.490418 0.427856 0.0171374 0.0729742 0.778987
0 0.622381 0.378598 0.00981458 0.0506782 0.267631
