0 0.496657 0.468566 0.0234499 0.131358 0.932772
0 0.719628 0.405696 0.0124738 0.0770938 0.88536
0 0.43726 0.425956 0.0131024 0.0874118 0.873753
0 0.744122 0.426622 0.0201238 0.0926753 0.869073
0 0.583017 0.415693 0.0154203 0.07435 0.833883
0 0.528179 0.482675 0.034145 0.144639 0.809555
0 0.5122 0.380697 0.0120129 0.0562512 0.787019
0 0.288748 0.356509 0.0119226 0.0678512 0.746486
0 0.689392 0.416834 0.0137736 0.0943301 0.717787
0 0.547865 0.411737 0.017347 0.101575 0.666925
0 0.265905 0.361799 0.0159915 0.0648158 0.664364
0 0.531917 0.406723 0.011659 0.0508878 0.382772
0 0.764206 0.420524 0.0181276 0.0879228 0.283524
