0 0.567027 0.387735 0.0127775 0.0695867 0.898905
0 0.752791 0.384636 0.0108925 0.0662089 0.873427
0 0.638623 0.358301 0.00790075 0.048185 0.871354
0 0.684302 0.369596 0.00965525 0.0514365 0.858068
0 0.525246 0.377434 0.00934455 0.05287 0.83598
0 0.437343 0.351048 0.00808385 0.0512073 0.794886
0 0.44522 0.347937 0.00775223 0.0442034 0.786165
0 0.531801 0.372552 0.00679518 0.0542504 0.694623
0 0.626501 0.388972 0.0151918 0.085784 0.64361
0 0.707998 0.360256 0.00709572 0.0407577 0.564906
0 0.668742 0.370155 0.00715764 0.0469322 0.373634
