0 0.350939 0.432055 0.0209108 0.108221 0.931662
0 0.215623 0.436523 0.0214644 0.125613 0.930407
0 0.420485 0.464883 0.0244893 0.128637 0.927771
0 0.479612 0.390144 0.0147839 0.0711471 0.91033
0 0.388841 0.402629 0.0120104 0.0844045 0.894509
0 0.686834 0.410798 0.0138743 0.0817708 0.889497
0 0.570365 0.431981 0.0174126 0.0932571 0.878914
0 0.535764 0.375548 0.0128783 0.0615644 0.87538
0 0.583018 0.438668 0.0214029 0.0963888 0.871063
0 0.39823 0.342323 0.00649668 0.0428511 0.827528
0 0.497509 0.389849 0.00929426 0.0730846 0.825752
0 0.435686 0.349977 0.00766474 0.0373904 0.671581
0 0.406407 0.339486 0.00640755 0.0365368 0.56811
0 0.646212 0.401841 0.0083491 0.0775212 0.353031
0 0.446583 0.349096 0.0105708 0.0452092 0.343704
