0 0.57853 0.432036 0.0136646 0.105916 0.912732
0 0.560282 0.401393 0.0121368 0.078527 0.880156
0 0.394776 0.397832 0.0179403 0.083768 0.853426
0 0.551123 0.369453 0.00724208 0.0499809 0.851736
0 0.430512 0.410863 0.0121989 0.0880013 0.830855
0 0.762526 0.388835 0.0108459 0.0539979 0.817427
0 0.437745 0.346855 0.00789026 0.0420111 0.798928
0 0.583441 0.371052 0.00758311 0.044788 0.7981
0 0.716242 0.369813 0.00672976 0.0441918 0.791776
0 0.606952 0.382299 0.00840403 0.0638341 0.740735
0 0.426149 0.347396 0.00857493 0.049257 0.588875
0 0.444995 0.343055 0.00724208 0.0429592 0.482624
0 0.460488 0.341791 0.00714264 0.0473294 0.422202
