0 0.496161 0.425614 0.0203996 0.0991449 0.897711
0 0.483224 0.45389 0.0186056 0.117747 0.882949
0 0.528365 0.402679 0.0139259 0.0858078 0.86171
0 0.402443 0.415269 0.0121756 0.0889984 0.858187
0 0.437927 0.391802 0.010525 0.0679487 0.851126
0 0.661463 0.591865 0.0399565 0.192222 0.848194
0 0.675784 0.392316 0.0119151 0.0754876 0.819338
0 0.11888 0.358605 0.0118829 0.0703601 0.810605
0 0.108425 0.355685 0.0150221 0.0793909 0.79174
0 0.537679 0.375651 0.00980911 0.0597201 0.781698
0 0.623303 0.407615 0.0190303 0.0726659 0.714974
0 0.547338 0.382401 0.0135638 0.0649667 0.689506
0 0.111792 0.359662 0.022482 0.0706612 0.292458
