0 0.314112 0.432373 0.0255095 0.106825 0.884732
0 0.504601 0.409394 0.0128834 0.0911974 0.883832
0 0.659756 0.372856 0.00877546 0.0432424 0.852053
0 0.549312 0.416268 0.0186188 0.0889957 0.851051
0 0.605321 0.374329 0.0115005 0.0569546 0.829423
0 0.489893 0.410347 0.0147358 0.094878 0.816943
0 0.71068 0.374105 0.00734355 0.0487658 0.792685
0 0.535381 0.378415 0.00860523 0.0579476 0.757833
0 0.771667 0.37975 0.0102267 0.0496145 0.501469
0 0.800099 0.385686 0.0105966 0.0364907 0.448177
0 0.46853 0.348822 0.00645034 0.0427617 0.315885
